   0.089    0.053   -0.020   -0.053   -0.075   -0.040    0.008    0.004   -0.017   -0.024    0.018   -0.000    0.047   -0.073   -0.048    0.024   -0.079   -0.011    0.008   -0.087
   0.063   -0.090    0.029    0.048   -0.050    0.097    0.018   -0.023    0.069   -0.032   -0.044   -0.027   -0.051   -0.016    0.104    0.190    0.020    0.113   -0.027   -0.037
  -0.117   -0.042   -0.052    0.074   -0.023    0.042    0.066   -0.017    0.058    0.001   -0.072   -0.091   -0.006    0.059   -0.036    0.063    0.071   -0.025   -0.016    0.027
   0.083    0.012    0.010   -0.001   -0.116    0.038    0.021    0.008    0.023   -0.003   -0.027    0.017    0.020   -0.061    0.015    0.081   -0.085    0.024   -0.022   -0.101
   0.049   -0.038    0.022    0.024   -0.004   -0.026    0.031    0.007    0.007   -0.031   -0.002   -0.084   -0.009    0.018    0.054    0.053    0.047    0.084    0.039   -0.010
  -0.093   -0.018   -0.083    0.024   -0.006    0.005    0.049   -0.048    0.042   -0.028   -0.050   -0.037    0.000    0.016   -0.084    0.061    0.035   -0.014   -0.032    0.025
   0.039    0.022   -0.001   -0.001   -0.099    0.040    0.004   -0.007    0.004    0.016    0.006    0.015    0.024   -0.024   -0.025    0.063   -0.103    0.005   -0.021   -0.101
   0.027   -0.018    0.030   -0.003    0.036   -0.082    0.011   -0.005   -0.031   -0.020    0.050   -0.153   -0.025    0.042    0.038    0.017    0.052    0.066    0.055   -0.044
  -0.057   -0.008   -0.064   -0.002    0.001   -0.050    0.051   -0.031    0.038   -0.048   -0.045   -0.098   -0.017   -0.005   -0.048    0.041    0.065   -0.011   -0.017    0.007
   0.043    0.031   -0.000    0.017   -0.082    0.041   -0.017   -0.017   -0.022    0.034   -0.006    0.003   -0.032   -0.045   -0.031    0.031   -0.059    0.043    0.017   -0.095
   0.012   -0.033    0.039   -0.011    0.011   -0.097   -0.001   -0.006   -0.026    0.003    0.034   -0.161    0.006    0.108   -0.015    0.038    0.010    0.037   -0.003   -0.063
  -0.048   -0.005   -0.068   -0.025   -0.002   -0.047    0.082   -0.017    0.062   -0.088   -0.020   -0.084    0.033   -0.018   -0.005    0.065    0.035   -0.045   -0.027    0.001
   0.036    0.031   -0.005   -0.001   -0.088    0.037   -0.025   -0.009   -0.008    0.043   -0.010    0.020   -0.046   -0.041   -0.025    0.025   -0.058    0.036    0.016   -0.094
  -0.017   -0.051    0.021   -0.056    0.010   -0.106   -0.017    0.016   -0.015    0.017    0.024   -0.119   -0.025    0.098   -0.022    0.025    0.019    0.040    0.012   -0.045
  -0.019   -0.007   -0.032   -0.061   -0.042   -0.068    0.076   -0.016    0.046   -0.044    0.001   -0.009    0.030   -0.023    0.079    0.000    0.016   -0.033   -0.036    0.065
  -0.017    0.059    0.061   -0.006   -0.036   -0.004   -0.052   -0.040    0.020   -0.002   -0.044    0.061   -0.021   -0.006   -0.032    0.008   -0.028    0.035    0.003   -0.048
  -0.018   -0.093    0.009   -0.032   -0.031   -0.104   -0.018    0.010   -0.035    0.024   -0.011   -0.086   -0.062    0.108   -0.032    0.011    0.004    0.059    0.045   -0.072
   0.024   -0.004   -0.072   -0.062   -0.062   -0.033    0.084    0.013    0.029   -0.010    0.041   -0.043    0.029   -0.057    0.077    0.014   -0.016   -0.052   -0.047    0.054
   0.003    0.059    0.038    0.020   -0.044    0.017   -0.062   -0.037    0.027    0.008   -0.039    0.058    0.008   -0.021   -0.032    0.004   -0.043    0.028    0.004   -0.043
  -0.084   -0.106    0.019   -0.114   -0.072   -0.096    0.055    0.014   -0.048   -0.011   -0.074    0.011   -0.132    0.052    0.037    0.005   -0.089    0.036    0.040   -0.069
   0.135   -0.082   -0.239    0.075   -0.164    0.032    0.024   -0.014    0.040    0.064    0.129   -0.075    0.068   -0.040    0.004   -0.048    0.040   -0.086    0.014    0.029
  -0.100    0.117    0.153   -0.134   -0.040   -0.020    0.008   -0.024    0.060   -0.041   -0.147    0.111    0.058   -0.124   -0.031    0.060   -0.078   -0.114   -0.038   -0.043
  -0.126   -0.193    0.009   -0.053   -0.312   -0.015    0.087   -0.063    0.055    0.011    0.016    0.074   -0.000   -0.039   -0.018    0.010    0.019    0.054    0.069   -0.013
   0.236   -0.117   -0.366    0.221   -0.193    0.094   -0.036   -0.053    0.029    0.131    0.214   -0.135    0.016    0.040   -0.036   -0.084    0.081   -0.009    0.082    0.068
  -0.017    0.121    0.114   -0.011    0.013   -0.015    0.002    0.016    0.132    0.037    0.134   -0.122   -0.029   -0.013    0.044    0.024   -0.010   -0.108   -0.040    0.036
  -0.144   -0.183    0.028   -0.079   -0.298   -0.002    0.083   -0.126    0.007    0.013   -0.135    0.181    0.008   -0.111   -0.045    0.008   -0.015   -0.001    0.062   -0.037
   0.236   -0.037   -0.319    0.096    0.011   -0.006   -0.144    0.025   -0.153    0.018   -0.161    0.074   -0.125    0.077    0.000    0.050    0.008    0.155    0.080   -0.046
  -0.021    0.122    0.117    0.018   -0.006   -0.026    0.032    0.059    0.208    0.063    0.317   -0.222   -0.092   -0.055    0.087   -0.021    0.017   -0.129   -0.097    0.127
  -0.039   -0.204   -0.042    0.085   -0.294    0.044    0.116   -0.118    0.097    0.157    0.157   -0.022   -0.026   -0.065   -0.005   -0.043    0.066   -0.071   -0.039    0.141
   0.119    0.031   -0.223   -0.081    0.116   -0.025    0.008    0.024   -0.234    0.094   -0.245    0.035   -0.213    0.083    0.113   -0.008   -0.041   -0.044    0.054   -0.057
   0.075    0.130    0.015    0.089    0.099   -0.018   -0.086   -0.021    0.017    0.108   -0.010   -0.177   -0.155    0.109   -0.003    0.048    0.059   -0.068    0.070    0.075
  -0.042   -0.127    0.009   -0.058   -0.112   -0.051    0.052   -0.007   -0.012    0.078   -0.011   -0.034   -0.132    0.053    0.006   -0.002    0.000   -0.067    0.005   -0.056
   0.017   -0.037   -0.088   -0.139   -0.050   -0.093    0.101    0.074   -0.097   -0.094    0.018    0.086    0.113   -0.153    0.106   -0.059   -0.097    0.142   -0.094   -0.177
   0.077    0.084    0.007    0.084    0.030    0.006   -0.045   -0.041   -0.022    0.116   -0.019   -0.127   -0.110    0.061   -0.022    0.025    0.001   -0.055    0.034    0.009
  -0.029   -0.091    0.025   -0.033   -0.051   -0.107    0.001   -0.002   -0.009    0.008    0.003   -0.094   -0.021    0.092   -0.024    0.004    0.038    0.056    0.040   -0.024
  -0.031    0.026   -0.073   -0.137    0.016   -0.122    0.070    0.091    0.031   -0.105    0.089    0.022    0.053   -0.056    0.118   -0.009    0.031    0.035   -0.042   -0.058
   0.091    0.048   -0.007    0.053   -0.109    0.065   -0.016   -0.042    0.005    0.025    0.017   -0.026   -0.002   -0.080    0.027    0.058   -0.092   -0.000    0.005   -0.068
  -0.027   -0.030    0.040   -0.106    0.061   -0.154   -0.019    0.056   -0.033   -0.001    0.049   -0.072   -0.004    0.137   -0.039   -0.028    0.065    0.079    0.008   -0.144
  -0.035    0.023   -0.079   -0.123    0.028   -0.142    0.065    0.081    0.032   -0.101    0.081    0.006    0.050   -0.043    0.104   -0.017    0.042    0.041   -0.024   -0.042
   0.101    0.045   -0.010    0.049   -0.113    0.049   -0.016   -0.014   -0.007    0.009    0.021   -0.019    0.017   -0.086    0.080    0.062   -0.095    0.025   -0.009   -0.073
   0.002   -0.036    0.035   -0.049    0.041   -0.104   -0.007   -0.020   -0.017   -0.026    0.081   -0.089   -0.021    0.052   -0.121    0.010    0.020    0.064    0.052   -0.096
  -0.066    0.024   -0.070   -0.096    0.050   -0.100    0.060    0.001    0.070   -0.075    0.056   -0.024    0.007   -0.002   -0.029   -0.010    0.061   -0.051    0.019   -0.015
   0.110    0.022    0.016   -0.037   -0.089   -0.028    0.020    0.019    0.027   -0.024   -0.016    0.015    0.042   -0.039    0.082    0.045   -0.071    0.027   -0.028   -0.126
  -0.035   -0.007   -0.001   -0.016    0.070   -0.090    0.031   -0.002   -0.022   -0.071    0.082   -0.055    0.007    0.028   -0.092    0.069    0.017   -0.036    0.052    0.017
  -0.041    0.006   -0.053   -0.093    0.028   -0.096    0.021   -0.017    0.069   -0.041    0.044   -0.057   -0.016    0.001   -0.048   -0.044    0.061    0.020    0.034   -0.072
   0.128    0.018    0.021   -0.085   -0.060   -0.076    0.018    0.029    0.028   -0.025   -0.009    0.010    0.031   -0.054    0.086    0.027   -0.077    0.047   -0.015   -0.166
   0.016   -0.037   -0.011    0.004   -0.005    0.014   -0.015   -0.030    0.031   -0.058   -0.004    0.035    0.035    0.022   -0.074    0.119   -0.021    0.007   -0.032    0.089
  -0.079    0.012   -0.055   -0.030    0.007   -0.041    0.028   -0.025    0.066   -0.045    0.045   -0.071   -0.015    0.014   -0.072   -0.023    0.073   -0.021    0.051   -0.046
   0.076    0.025   -0.034   -0.098   -0.003   -0.153    0.039    0.034   -0.024   -0.072    0.006   -0.020    0.053   -0.031    0.005    0.005   -0.066   -0.066   -0.066   -0.003
   0.017   -0.048   -0.016    0.002   -0.000    0.011   -0.018   -0.031    0.052   -0.065   -0.009    0.055    0.035    0.016   -0.061    0.133   -0.025    0.021   -0.028    0.083
  -0.073    0.009   -0.035   -0.012   -0.019   -0.006    0.048   -0.031    0.019   -0.014   -0.004   -0.103   -0.022    0.057    0.000   -0.037    0.083   -0.014    0.047   -0.074
   0.066    0.042   -0.050   -0.130    0.007   -0.167    0.023    0.012   -0.025   -0.067    0.058   -0.013    0.032   -0.019   -0.066   -0.010   -0.029   -0.124   -0.061    0.050
   0.041   -0.059   -0.026   -0.026   -0.022   -0.010   -0.048   -0.007    0.091   -0.139    0.020    0.080    0.021    0.003   -0.040    0.108   -0.005    0.033    0.019    0.040
  -0.088   -0.013    0.015    0.129   -0.008    0.041    0.094   -0.029   -0.025    0.100   -0.147   -0.195    0.025    0.050    0.109    0.063   -0.055    0.086   -0.026   -0.075
  -0.005    0.056   -0.023   -0.006   -0.008   -0.135    0.076   -0.072   -0.064    0.101   -0.085   -0.067    0.075    0.040   -0.010    0.115   -0.122   -0.066   -0.064    0.114
   0.067   -0.074   -0.034   -0.044   -0.027   -0.020   -0.074    0.056    0.075   -0.171    0.109    0.149    0.021   -0.029   -0.055    0.134   -0.044    0.014   -0.015    0.054
  -0.087   -0.024    0.011    0.156   -0.018    0.041    0.106    0.007   -0.101    0.152   -0.095   -0.127    0.043    0.030    0.123    0.126   -0.177    0.084   -0.118   -0.025
   0.033    0.065    0.007   -0.039   -0.011   -0.116    0.039   -0.106    0.012    0.064   -0.010    0.024    0.041    0.064   -0.031   -0.036   -0.062   -0.083    0.063    0.056
   0.037   -0.070   -0.029   -0.060   -0.009   -0.025   -0.068   -0.041    0.144   -0.144    0.016    0.035    0.001    0.055   -0.083    0.116   -0.031    0.012    0.040    0.006
  -0.052   -0.034    0.016    0.154   -0.027    0.043    0.086    0.073   -0.121    0.114    0.003    0.001    0.044   -0.025    0.138    0.097   -0.166    0.072   -0.094    0.003
   0.051    0.058   -0.004   -0.063   -0.012   -0.130    0.036   -0.098    0.017    0.033    0.007    0.016    0.028    0.068   -0.056   -0.018   -0.061   -0.083    0.041    0.054
  -0.000   -0.062    0.004   -0.004   -0.015    0.015   -0.048   -0.079    0.132   -0.048   -0.019    0.025    0.010    0.057   -0.023    0.066   -0.062    0.044    0.075   -0.033
   0.007   -0.027    0.023    0.059   -0.021   -0.001    0.018   -0.006    0.004    0.042    0.032   -0.007    0.014    0.087    0.046    0.013   -0.112    0.061   -0.002   -0.062
   0.009    0.071    0.007   -0.017   -0.015   -0.070    0.035   -0.092   -0.041    0.045   -0.023    0.001    0.020    0.054    0.018   -0.038   -0.050   -0.037    0.009    0.082
  -0.040   -0.042    0.012    0.035    0.006    0.070   -0.049   -0.083    0.084   -0.037   -0.020    0.041   -0.005    0.050    0.041    0.024   -0.042    0.080    0.041    0.012
   0.028   -0.008    0.017   -0.016    0.044   -0.048    0.022   -0.029    0.032    0.063    0.107    0.114   -0.024    0.092   -0.019   -0.044   -0.101    0.021   -0.035   -0.013
   0.010    0.041    0.022    0.012   -0.039   -0.071    0.062   -0.058   -0.034   -0.000   -0.049   -0.030    0.045    0.095    0.012   -0.048   -0.100   -0.092    0.075    0.044
  -0.037    0.001    0.007    0.046    0.021    0.064   -0.064   -0.070    0.028   -0.037    0.006    0.096    0.018    0.021    0.067   -0.071   -0.009    0.042   -0.000    0.041
   0.024    0.022    0.004   -0.055    0.070   -0.050   -0.010   -0.065    0.043    0.112    0.131    0.138   -0.058    0.044   -0.013   -0.015   -0.045    0.110   -0.094    0.031
  -0.011    0.054    0.004   -0.023   -0.001   -0.103    0.046   -0.052   -0.026    0.051   -0.024    0.033   -0.006   -0.009   -0.017    0.067    0.017   -0.029    0.002    0.140
  -0.067    0.045    0.025    0.033   -0.006    0.090   -0.008   -0.065   -0.013   -0.105   -0.007   -0.038    0.011    0.044    0.087   -0.194   -0.143    0.020    0.101    0.081
  -0.000    0.040   -0.008   -0.087    0.096   -0.077   -0.011   -0.062    0.037    0.154    0.155    0.176   -0.102   -0.045   -0.046    0.054    0.033    0.153   -0.136    0.103
  -0.019    0.004   -0.005   -0.010    0.044   -0.098    0.024   -0.028   -0.015    0.117   -0.002    0.095    0.001   -0.064   -0.063    0.183    0.100   -0.009   -0.089    0.143
  -0.066    0.002    0.040    0.042   -0.006    0.121   -0.005   -0.044    0.005   -0.117   -0.005   -0.037    0.033    0.083    0.132   -0.206   -0.161    0.031    0.051    0.055
   0.011    0.023    0.039   -0.067    0.031   -0.016    0.049   -0.039    0.055    0.037    0.108    0.084   -0.078    0.110    0.094   -0.144   -0.125    0.109   -0.071    0.030
  -0.007   -0.025   -0.011    0.027    0.038   -0.014    0.092    0.002    0.023    0.020   -0.008    0.073    0.057    0.066    0.019   -0.007   -0.051   -0.001   -0.037    0.026
  -0.075    0.007    0.002    0.068    0.062    0.083   -0.004   -0.052   -0.011   -0.066    0.024    0.002    0.059   -0.006   -0.002   -0.122   -0.090    0.024    0.017    0.022
   0.023    0.021    0.057   -0.086   -0.006    0.004    0.045   -0.028    0.074    0.013    0.088    0.071   -0.086    0.158    0.177   -0.190   -0.166    0.105   -0.051    0.063
   0.006   -0.019   -0.006    0.023    0.028   -0.018    0.087    0.001    0.026    0.017   -0.015    0.071    0.075    0.078    0.031   -0.030   -0.069   -0.006   -0.044    0.051
  -0.041    0.063    0.000    0.027    0.036    0.014   -0.018   -0.066   -0.043   -0.047    0.035   -0.017    0.048   -0.042   -0.004   -0.099   -0.101   -0.004    0.001    0.081
  -0.023    0.039    0.057   -0.083    0.037   -0.010   -0.010   -0.018    0.015    0.091    0.086    0.075   -0.144    0.039    0.044    0.022    0.002    0.128   -0.065    0.130
  -0.060   -0.029    0.008    0.057    0.067    0.016    0.063    0.024   -0.039    0.075   -0.007    0.094    0.010   -0.018   -0.084    0.108    0.030    0.046   -0.049    0.070
  -0.020    0.048    0.042    0.023   -0.044    0.052   -0.011   -0.036   -0.093   -0.056    0.018   -0.056    0.078   -0.038    0.030   -0.111   -0.089   -0.061    0.084    0.001
  -0.025    0.027    0.077   -0.075    0.008    0.013    0.002   -0.001   -0.023    0.093    0.081    0.066   -0.151    0.027    0.044    0.033    0.031    0.098   -0.011    0.061
  -0.107   -0.044   -0.008    0.083    0.104    0.076    0.036    0.043   -0.051    0.014    0.003    0.059    0.023    0.015   -0.050    0.040    0.033    0.063   -0.110   -0.003
  -0.064    0.043    0.031    0.043    0.003    0.080   -0.037   -0.022   -0.079   -0.070    0.035   -0.051    0.068   -0.034    0.028   -0.132   -0.075   -0.019    0.017   -0.007
   0.013    0.020    0.091   -0.088   -0.064    0.040   -0.002   -0.001   -0.052    0.028    0.054   -0.001   -0.065    0.079    0.125   -0.061   -0.006    0.041    0.020   -0.012
  -0.106   -0.033   -0.033    0.080    0.104    0.074    0.060    0.001   -0.067   -0.019    0.030    0.062    0.000    0.036    0.009    0.008    0.007    0.082   -0.114   -0.047
  -0.044    0.069    0.010    0.046    0.038    0.023    0.011   -0.065   -0.055   -0.008    0.047    0.026   -0.001   -0.064   -0.010   -0.015   -0.063    0.017    0.009    0.053
   0.010    0.005    0.110   -0.087   -0.071    0.053   -0.023    0.039   -0.029    0.046    0.030   -0.010   -0.026    0.072    0.089   -0.057    0.010    0.019    0.030    0.023
  -0.116   -0.053   -0.024    0.079    0.094    0.070    0.047    0.042   -0.052    0.008    0.011    0.040    0.057    0.009   -0.035    0.024    0.002    0.062   -0.088   -0.005
   0.004    0.094    0.063    0.043    0.021    0.051    0.059   -0.038   -0.109    0.043    0.049    0.072   -0.053   -0.077    0.006    0.081    0.057   -0.010    0.064   -0.034
  -0.003   -0.019    0.120   -0.089   -0.073    0.048   -0.032    0.082   -0.018    0.078    0.003   -0.038    0.037    0.038    0.017   -0.030    0.018   -0.009    0.060    0.062
  -0.191   -0.086   -0.044    0.072    0.082    0.077    0.004    0.069   -0.088    0.001    0.016   -0.006    0.155   -0.014   -0.150   -0.003   -0.050    0.034   -0.088    0.042
  -0.050    0.092    0.062    0.013   -0.006    0.076    0.016   -0.025   -0.184    0.035    0.075    0.054   -0.021   -0.083   -0.044    0.115    0.076   -0.063    0.068   -0.053
  -0.042    0.009    0.128   -0.128   -0.081    0.080   -0.044    0.073   -0.125    0.076    0.062   -0.014   -0.021    0.024    0.017    0.071    0.131   -0.092    0.084   -0.053
  -0.274   -0.090   -0.093    0.001    0.117    0.058    0.005   -0.060   -0.111    0.022    0.116   -0.016   -0.002   -0.152    0.049   -0.050    0.004   -0.007    0.088   -0.084
  -0.039    0.067    0.037    0.048    0.063    0.031    0.051   -0.054   -0.063    0.007    0.077    0.048   -0.028   -0.130    0.024    0.003   -0.012   -0.015    0.112   -0.049
  -0.031    0.021    0.153   -0.159   -0.147    0.110   -0.085    0.073   -0.200    0.106    0.056   -0.037   -0.012    0.080   -0.008    0.118    0.178   -0.127    0.039   -0.015
  -0.243   -0.087   -0.086   -0.027    0.103    0.036   -0.002   -0.067   -0.148    0.049    0.120   -0.008   -0.089   -0.086    0.112   -0.000    0.044   -0.054    0.094   -0.122
   0.055    0.074    0.073    0.131    0.072   -0.022    0.106   -0.007    0.015   -0.014   -0.008    0.039   -0.047    0.001    0.023    0.023   -0.019    0.044    0.036   -0.043
  -0.007    0.027    0.164   -0.098   -0.155    0.132   -0.078    0.099   -0.111    0.069    0.013   -0.056    0.118    0.049   -0.081    0.023    0.086   -0.029   -0.048    0.070
  -0.189   -0.080   -0.060    0.020    0.087    0.044    0.003   -0.016   -0.100    0.056    0.078    0.007    0.001   -0.043    0.001   -0.026   -0.007   -0.038    0.021   -0.047
   0.095    0.088    0.076    0.109    0.029   -0.008    0.114   -0.003    0.003    0.027    0.005    0.078   -0.036    0.004   -0.040    0.043    0.026   -0.029   -0.003   -0.024
   0.001    0.019    0.182   -0.031   -0.115    0.125   -0.067    0.152   -0.062    0.041   -0.038   -0.052    0.189    0.070   -0.142   -0.009    0.036    0.048   -0.069    0.121
  -0.129   -0.085   -0.074   -0.035    0.065    0.036    0.029    0.003   -0.048    0.078    0.076    0.065   -0.084   -0.007    0.036   -0.025    0.057   -0.087    0.090   -0.070
   0.110    0.078    0.057    0.123    0.058   -0.031    0.140   -0.005    0.053    0.009   -0.010    0.093   -0.076    0.005   -0.019    0.030    0.001   -0.019    0.028   -0.071
   0.018    0.007    0.162    0.021   -0.058    0.080   -0.027    0.143    0.026    0.011   -0.070   -0.051    0.119    0.064   -0.113   -0.022   -0.029    0.086   -0.006    0.053
  -0.053   -0.075   -0.010    0.047    0.066   -0.017    0.099    0.058    0.079   -0.023    0.010    0.063    0.015    0.115    0.033   -0.056    0.013   -0.129    0.192   -0.041
   0.122    0.094    0.083    0.104    0.011   -0.006    0.128    0.015    0.016    0.024   -0.016    0.078   -0.022    0.013   -0.046    0.027    0.049   -0.021   -0.018   -0.055
  -0.003   -0.016    0.135    0.061    0.035    0.017    0.026    0.110    0.104   -0.039   -0.075   -0.014    0.049    0.051   -0.088   -0.028   -0.073    0.055    0.093    0.006
   0.009   -0.078    0.014    0.079    0.064    0.016    0.144    0.090    0.122   -0.016   -0.022    0.045    0.030    0.061    0.023   -0.031    0.067   -0.101    0.121   -0.053
   0.056    0.087    0.047    0.080    0.042   -0.032    0.100   -0.022   -0.016    0.023    0.019    0.098   -0.066    0.022   -0.037    0.013    0.031   -0.056    0.063   -0.088
  -0.013   -0.044    0.083    0.034    0.102    0.041    0.031    0.020    0.129    0.017   -0.052   -0.013   -0.085   -0.030   -0.036   -0.029   -0.001    0.029    0.074   -0.037
   0.069   -0.094    0.040    0.062    0.076    0.063    0.175    0.131    0.147    0.014   -0.018   -0.006    0.064    0.016    0.049    0.028    0.096   -0.019   -0.018   -0.036
   0.112    0.051    0.066    0.073    0.067    0.022    0.121    0.030    0.023    0.044    0.007    0.031   -0.024   -0.073   -0.023    0.076    0.046    0.001   -0.075   -0.093
  -0.020   -0.100    0.036    0.041    0.096    0.045   -0.071    0.043    0.139   -0.021   -0.065   -0.091   -0.077   -0.144   -0.051   -0.052   -0.094   -0.078    0.015   -0.057
   0.022   -0.041    0.012    0.019    0.039    0.038    0.148    0.080    0.099    0.002   -0.007    0.042   -0.002    0.108    0.042   -0.028    0.085    0.015    0.035   -0.023
   0.112   -0.035    0.017    0.026    0.063    0.068    0.062    0.059   -0.020    0.040    0.055   -0.095   -0.064   -0.254   -0.011    0.021    0.005   -0.131   -0.207   -0.129
  -0.002   -0.077    0.068    0.086    0.103    0.028   -0.032    0.055    0.147   -0.017   -0.076   -0.054   -0.029   -0.078   -0.043   -0.010   -0.075   -0.039    0.053   -0.028
   0.016   -0.017    0.005    0.002    0.027    0.027    0.146    0.066    0.099   -0.001   -0.006    0.059   -0.033    0.142    0.039   -0.044    0.086    0.039    0.034   -0.023
   0.037    0.006   -0.021   -0.029    0.052    0.032   -0.048    0.034   -0.033    0.033    0.082   -0.076   -0.030   -0.169   -0.015   -0.001   -0.065    0.011   -0.124   -0.008
   0.001   -0.041    0.064    0.072    0.062   -0.002    0.005    0.030    0.129   -0.019   -0.065   -0.013   -0.105   -0.036   -0.036   -0.034   -0.045   -0.043    0.029   -0.058
   0.032   -0.093    0.011   -0.015    0.027    0.082    0.044    0.029    0.035   -0.036   -0.021   -0.054   -0.033    0.033    0.026   -0.103    0.050    0.019   -0.152   -0.042
   0.016    0.033   -0.060   -0.053    0.041    0.021   -0.070    0.055   -0.012    0.043    0.054   -0.071   -0.030   -0.110   -0.039    0.008   -0.051    0.001   -0.064    0.017
  -0.002   -0.068    0.029    0.033    0.038    0.025   -0.094    0.026    0.091   -0.029   -0.099   -0.084   -0.096   -0.036   -0.058   -0.065   -0.071   -0.070   -0.068   -0.036
   0.011   -0.071    0.011   -0.015    0.016    0.062    0.035    0.014    0.029   -0.045   -0.023   -0.019   -0.030    0.027    0.013   -0.089    0.053    0.043   -0.112   -0.011
  -0.026    0.091   -0.093   -0.073   -0.010   -0.017   -0.075    0.118    0.056    0.086    0.030    0.000   -0.011   -0.063   -0.100    0.002   -0.130    0.026    0.036    0.079
  -0.034   -0.005    0.047    0.036    0.030   -0.031   -0.114   -0.051    0.027   -0.056   -0.032   -0.001   -0.072   -0.086   -0.049   -0.021   -0.013    0.004    0.038    0.026
   0.072   -0.136    0.050   -0.066    0.033    0.058   -0.007   -0.087   -0.022   -0.081   -0.017   -0.034   -0.058   -0.054    0.075   -0.050    0.104   -0.050   -0.016    0.093
  -0.034    0.153   -0.129   -0.063   -0.011    0.059   -0.023    0.116    0.058    0.057    0.023   -0.044    0.060   -0.008   -0.101   -0.014   -0.087    0.012    0.014    0.011
  -0.015    0.007    0.037    0.019    0.022   -0.012   -0.116   -0.089    0.010   -0.076   -0.033   -0.014   -0.065   -0.098   -0.030   -0.015    0.030   -0.038    0.065    0.044
   0.085   -0.147    0.050   -0.083    0.037    0.064   -0.019   -0.091   -0.027   -0.049   -0.017   -0.021   -0.036   -0.058    0.110   -0.050    0.073   -0.053   -0.012    0.070
  -0.056    0.149   -0.114   -0.069    0.005    0.084   -0.015    0.118    0.037    0.093   -0.022   -0.031    0.095    0.014   -0.074   -0.047   -0.016    0.042   -0.021   -0.060
   0.033   -0.018    0.047   -0.017    0.014   -0.011   -0.149   -0.112   -0.007    0.007   -0.019    0.031   -0.003   -0.093    0.035   -0.010   -0.079   -0.066    0.066   -0.027
   0.128   -0.185    0.024   -0.190    0.159    0.167   -0.080   -0.004    0.069    0.107   -0.137    0.014    0.100   -0.031    0.150    0.036    0.092   -0.027    0.042    0.054
  -0.084    0.201   -0.146   -0.092   -0.033    0.231    0.083    0.136    0.125    0.006   -0.123    0.024    0.022    0.074    0.152    0.028    0.165   -0.072   -0.074   -0.019
   0.033    0.008    0.021   -0.066    0.029    0.055   -0.118   -0.061    0.063   -0.016   -0.094    0.073    0.001   -0.048    0.180    0.053   -0.001   -0.137    0.067   -0.001
   0.160   -0.188    0.001   -0.227    0.178    0.144   -0.102    0.011    0.077    0.094   -0.090    0.010    0.176    0.006    0.096    0.086   -0.013    0.038    0.119    0.072
  -0.046    0.210   -0.189   -0.141    0.012    0.189    0.109    0.099    0.104   -0.031   -0.028    0.004    0.082    0.134    0.007    0.096    0.070    0.039    0.061   -0.043
   0.016    0.067    0.012   -0.045    0.026    0.085    0.010   -0.147   -0.033   -0.076    0.015   -0.016   -0.050   -0.013    0.008    0.070    0.052   -0.031    0.055   -0.040
   0.163   -0.151    0.008   -0.171    0.224    0.095    0.038   -0.082   -0.103    0.055    0.118   -0.113    0.121   -0.065   -0.257   -0.025   -0.064    0.086    0.176   -0.022
  -0.049    0.163   -0.147   -0.073   -0.028    0.093    0.016    0.094    0.075    0.005   -0.021   -0.022    0.000    0.034    0.002    0.027   -0.018   -0.034    0.062   -0.012
   0.017    0.092   -0.006   -0.063    0.059    0.121    0.061   -0.164   -0.057   -0.086    0.036   -0.012   -0.028    0.013   -0.035    0.071    0.101   -0.024    0.086   -0.080
   0.088   -0.077   -0.011   -0.034    0.062    0.066   -0.011   -0.057   -0.031   -0.046    0.107   -0.073    0.093    0.007   -0.126   -0.028   -0.055    0.090   -0.050   -0.015
  -0.024    0.116   -0.116   -0.050   -0.005    0.034   -0.047    0.121   -0.017    0.040    0.006   -0.047    0.019   -0.088   -0.063    0.001   -0.131   -0.034    0.082    0.027
  -0.017    0.123   -0.006    0.035   -0.031    0.091   -0.000   -0.134   -0.018   -0.128    0.033    0.017   -0.029    0.024    0.016    0.061    0.077    0.019   -0.071   -0.055
   0.006   -0.021   -0.009    0.044   -0.001    0.068   -0.024   -0.011   -0.021   -0.111    0.077   -0.031   -0.014    0.058   -0.036    0.003    0.016    0.080   -0.128    0.003
  -0.037    0.050   -0.047   -0.027   -0.002   -0.033   -0.079    0.200   -0.000    0.068   -0.080   -0.003   -0.025   -0.108    0.055   -0.075   -0.055   -0.032    0.101    0.090
   0.036    0.066    0.003   -0.021    0.030    0.089   -0.000   -0.168   -0.023   -0.088    0.038    0.001    0.040   -0.019   -0.018    0.023    0.051    0.025   -0.026   -0.045
  -0.054    0.044    0.006    0.068   -0.029    0.035   -0.100   -0.009   -0.052   -0.159    0.021   -0.034   -0.136    0.050    0.060    0.057    0.044    0.145   -0.092    0.061
  -0.063    0.031   -0.011    0.005    0.029   -0.037   -0.165    0.160    0.029    0.097   -0.016    0.051   -0.081   -0.128    0.121    0.001    0.012    0.039    0.055    0.016
   0.041    0.101   -0.013   -0.051   -0.003    0.107    0.049   -0.146   -0.067   -0.135   -0.024   -0.045    0.039   -0.004   -0.045   -0.022    0.007   -0.002   -0.003    0.014
  -0.041    0.095   -0.001    0.066   -0.033   -0.095   -0.093   -0.089    0.047   -0.012   -0.053   -0.057    0.104    0.022    0.060   -0.060    0.065   -0.011    0.047   -0.035
  -0.055    0.029   -0.047    0.037    0.048   -0.033   -0.304   -0.040    0.133    0.172    0.028    0.161    0.021    0.029    0.086   -0.028    0.113    0.006   -0.184   -0.130
   0.047    0.107   -0.021   -0.041    0.016    0.122    0.010   -0.225   -0.039   -0.121    0.006   -0.007    0.072    0.047   -0.080   -0.016    0.027    0.005   -0.078   -0.026
  -0.061    0.137   -0.037    0.041   -0.025   -0.048   -0.147   -0.146    0.066   -0.057   -0.062   -0.070    0.089    0.018    0.089   -0.024    0.102    0.054   -0.018   -0.044
  -0.048   -0.020   -0.024    0.067    0.027   -0.036   -0.253   -0.154    0.142    0.178    0.007    0.142    0.154    0.139   -0.064   -0.145    0.142   -0.145   -0.188   -0.213
   0.067    0.074    0.001   -0.029    0.028    0.080    0.032   -0.085   -0.061   -0.100    0.039    0.026    0.007   -0.002   -0.039    0.010   -0.024    0.054   -0.009    0.035
  -0.047    0.092   -0.024    0.072   -0.021   -0.106   -0.130   -0.068    0.044   -0.006   -0.046   -0.045    0.120    0.018    0.084   -0.027    0.082    0.030    0.027   -0.017
  -0.014   -0.020    0.004    0.035    0.017    0.015   -0.073   -0.096    0.078    0.052   -0.034    0.040    0.079    0.065   -0.023    0.025    0.019   -0.026   -0.017   -0.073
   0.078    0.019    0.007    0.035    0.035   -0.038    0.012    0.017   -0.053    0.019    0.072    0.076    0.068    0.016   -0.034   -0.032   -0.018    0.012    0.036    0.031
  -0.021    0.067   -0.011    0.039   -0.025   -0.078   -0.052   -0.067   -0.011    0.003   -0.028   -0.057    0.091   -0.019    0.084    0.038   -0.005    0.036    0.065    0.087
   0.005   -0.039    0.014    0.007    0.016    0.038   -0.010   -0.106    0.028    0.073   -0.027    0.021    0.059    0.036   -0.024    0.085   -0.051   -0.010    0.009    0.015
   0.045    0.004    0.011    0.045    0.012   -0.047   -0.032    0.030   -0.019    0.073    0.100    0.099    0.117    0.021    0.014    0.037   -0.034    0.001    0.041    0.005
  -0.030    0.028   -0.017    0.061   -0.028   -0.099   -0.018    0.006   -0.088   -0.037   -0.056   -0.034    0.041    0.031    0.085    0.044   -0.019   -0.116   -0.011    0.100
   0.036   -0.039    0.000   -0.004    0.020    0.047   -0.002   -0.078   -0.013    0.034    0.002    0.042    0.014    0.043   -0.008    0.051   -0.031   -0.014   -0.020    0.084
   0.014   -0.009    0.024    0.061    0.004   -0.059   -0.028    0.030   -0.014    0.098    0.068    0.080    0.139    0.028    0.002    0.063   -0.046   -0.041    0.049   -0.045
  -0.035    0.019   -0.021    0.075   -0.022   -0.085   -0.068    0.013   -0.036   -0.044   -0.024   -0.031    0.049    0.012    0.086    0.071    0.013   -0.018    0.042    0.073
   0.063   -0.033   -0.011   -0.016    0.010    0.021    0.069   -0.051   -0.115    0.004   -0.070    0.062   -0.020    0.119   -0.004   -0.033   -0.090   -0.288   -0.102    0.101
   0.033   -0.059    0.010    0.117    0.023   -0.026   -0.060    0.148   -0.089   -0.100    0.111    0.126    0.055    0.031   -0.002    0.032    0.004   -0.167    0.056   -0.040
  -0.075    0.017    0.006    0.093   -0.019   -0.078   -0.128    0.019    0.064   -0.032    0.041   -0.064    0.078   -0.078    0.102    0.149    0.086    0.252    0.149    0.087
   0.048   -0.032   -0.002    0.000    0.007    0.026    0.037   -0.044   -0.055    0.000   -0.051    0.046   -0.010    0.077    0.017   -0.012   -0.048   -0.161   -0.041    0.091
   0.034   -0.017    0.021    0.118    0.005   -0.081   -0.049    0.170   -0.064   -0.094    0.078    0.108    0.096   -0.024    0.055   -0.003    0.050   -0.025    0.103    0.007
  -0.039   -0.033    0.002    0.051   -0.054    0.020   -0.114    0.108   -0.043   -0.162    0.042   -0.006   -0.090    0.063    0.026    0.123   -0.024    0.075   -0.025    0.082
   0.030   -0.019    0.020    0.030    0.024    0.000    0.026   -0.001   -0.030   -0.012   -0.031    0.012    0.002   -0.046    0.065   -0.025    0.034    0.017    0.052    0.136
   0.017   -0.001    0.023    0.136    0.025   -0.129   -0.049    0.114   -0.008   -0.002    0.084    0.074    0.183   -0.070    0.077    0.033    0.081    0.034    0.162    0.015
  -0.014   -0.035   -0.014    0.055   -0.062    0.060   -0.110    0.124   -0.075   -0.238    0.045    0.043   -0.156    0.128   -0.024    0.062   -0.018   -0.040   -0.070    0.036
   0.062   -0.013    0.009    0.040    0.015   -0.022    0.018    0.026   -0.032   -0.042   -0.007    0.050   -0.014   -0.030    0.037   -0.069    0.105   -0.001    0.038    0.117
   0.022   -0.027    0.022    0.134    0.022   -0.000   -0.030    0.150   -0.089   -0.129    0.080    0.134    0.059    0.072   -0.008   -0.019   -0.021   -0.185    0.058   -0.038
   0.004   -0.034   -0.017    0.050   -0.064    0.030   -0.088    0.112   -0.052   -0.174    0.026    0.065   -0.143    0.089   -0.106   -0.029    0.038   -0.065   -0.096   -0.006
   0.054   -0.016    0.017    0.041    0.015   -0.012    0.022    0.025   -0.042   -0.062    0.002    0.035   -0.018   -0.014    0.064   -0.011    0.080    0.015    0.030    0.152
  -0.016   -0.011    0.001    0.051    0.026   -0.040   -0.047    0.015   -0.042    0.048   -0.027    0.068    0.093    0.030   -0.015   -0.112   -0.026   -0.063    0.022   -0.049
   0.014    0.001   -0.004    0.029   -0.057   -0.003   -0.033    0.090   -0.051   -0.122   -0.045    0.033   -0.104   -0.013   -0.116   -0.100    0.097    0.025   -0.075   -0.025
   0.065    0.030    0.040    0.022    0.024   -0.058    0.091   -0.004   -0.062   -0.014   -0.091    0.008    0.028   -0.158    0.036   -0.133    0.184    0.110    0.017    0.136
  -0.026   -0.005   -0.013    0.037    0.026   -0.034   -0.014    0.010   -0.076    0.061   -0.127    0.065    0.066   -0.003   -0.154   -0.194    0.086    0.022   -0.140    0.045
   0.045    0.022    0.002   -0.031   -0.101   -0.023    0.012    0.054    0.008   -0.025   -0.051   -0.011    0.008   -0.050   -0.079   -0.152    0.115    0.042   -0.049   -0.125
   0.066    0.041    0.040    0.022    0.018   -0.055    0.097   -0.006   -0.054   -0.007   -0.100   -0.001    0.024   -0.171    0.031   -0.148    0.204    0.107    0.015    0.135
  -0.104    0.005   -0.068    0.025    0.050   -0.044    0.033   -0.010    0.009    0.069   -0.114    0.036   -0.077    0.024   -0.155    0.019   -0.022    0.033    0.046    0.173
   0.054    0.059   -0.012    0.005   -0.079    0.011    0.048    0.047   -0.033    0.042   -0.063    0.067   -0.069   -0.105   -0.048   -0.198    0.108    0.023   -0.005    0.007
   0.091   -0.002    0.067    0.035    0.018   -0.055    0.033    0.002   -0.087    0.000   -0.065   -0.045    0.079   -0.060    0.022   -0.168    0.157    0.101   -0.067    0.012
  -0.135    0.012   -0.080   -0.023    0.034   -0.061    0.067   -0.024    0.078    0.005   -0.153   -0.001   -0.044   -0.027   -0.166    0.069    0.028    0.054    0.061    0.144
  -0.007    0.027   -0.012   -0.014   -0.071   -0.005   -0.025    0.031   -0.014    0.041   -0.041    0.019   -0.093    0.007   -0.096   -0.084   -0.005    0.018    0.043   -0.034
   0.075   -0.043    0.076    0.021    0.017   -0.101   -0.027    0.004   -0.087    0.017   -0.035   -0.113    0.080    0.037    0.008   -0.061    0.018    0.077   -0.063   -0.068
  -0.037   -0.014   -0.049    0.004    0.006   -0.086    0.040   -0.001    0.026    0.021   -0.103   -0.062    0.050   -0.044   -0.091   -0.013   -0.014    0.014   -0.040   -0.014
   0.004    0.030   -0.011   -0.009   -0.062   -0.010   -0.031    0.032   -0.011    0.050   -0.035    0.012   -0.083    0.001   -0.111   -0.116   -0.013    0.056    0.063   -0.021
   0.027   -0.048    0.086    0.008    0.006   -0.118   -0.066    0.007   -0.125    0.025   -0.069   -0.105    0.007    0.069    0.018    0.018    0.031    0.009   -0.069   -0.095
  -0.038   -0.002   -0.052    0.001   -0.016   -0.052    0.077   -0.005    0.006   -0.026   -0.109   -0.042    0.071   -0.053   -0.023    0.022    0.006   -0.051   -0.101   -0.050
  -0.014    0.009   -0.019   -0.018   -0.069    0.006   -0.058    0.024    0.011    0.017   -0.020    0.067   -0.112   -0.000   -0.058   -0.069   -0.032    0.011    0.059    0.040
  -0.005   -0.047    0.054   -0.017    0.026   -0.087   -0.056    0.012   -0.088    0.007   -0.050   -0.082   -0.009    0.096    0.010    0.064    0.005   -0.027   -0.051   -0.068
  -0.015   -0.053   -0.023    0.023   -0.049   -0.077    0.001   -0.035   -0.003   -0.074   -0.103    0.015    0.041   -0.078    0.088    0.051    0.016   -0.097   -0.132    0.014
  -0.018    0.010   -0.023   -0.028   -0.080    0.006   -0.036    0.027    0.005    0.016   -0.030    0.067   -0.083   -0.006   -0.050   -0.067   -0.026    0.014    0.052    0.033
  -0.022   -0.077    0.029   -0.044    0.048   -0.081   -0.046    0.032   -0.043   -0.033   -0.022   -0.046   -0.045    0.083   -0.006    0.049   -0.026   -0.075   -0.057   -0.013
   0.003   -0.021    0.013    0.039   -0.008   -0.051   -0.073   -0.025    0.038   -0.033   -0.070    0.011   -0.059   -0.127    0.024    0.034    0.021   -0.088   -0.059    0.065
   0.003    0.029    0.016   -0.029   -0.078    0.027    0.005    0.046    0.033    0.052   -0.020    0.035   -0.090   -0.016   -0.074   -0.053   -0.033    0.059    0.083   -0.025
  -0.007   -0.050   -0.083   -0.077    0.038    0.000   -0.028    0.089   -0.015   -0.025    0.013   -0.034   -0.030    0.007    0.021   -0.017   -0.057   -0.105   -0.077    0.055
   0.022   -0.011    0.068    0.044   -0.001   -0.036   -0.017   -0.015    0.070    0.007   -0.078   -0.017   -0.095   -0.109   -0.004    0.047    0.014   -0.033   -0.018   -0.016
   0.011    0.029   -0.007   -0.033   -0.068    0.026   -0.019    0.033    0.018    0.048   -0.042    0.017   -0.064   -0.044   -0.054   -0.035   -0.006    0.091    0.019    0.009
   0.001   -0.077   -0.126   -0.078    0.099    0.019   -0.071    0.089   -0.008   -0.054   -0.025   -0.093   -0.010   -0.027    0.075   -0.016   -0.055   -0.060   -0.211    0.138
   0.032   -0.010    0.100    0.067    0.018    0.055   -0.047    0.028    0.131    0.001   -0.023   -0.087   -0.139   -0.128   -0.089   -0.022   -0.089   -0.036    0.021   -0.067
